0,LOCATION,-12.74832,-38.28305
1,LOCATION,-20.5578,-40.40863
2,LOCATION,-22.69668,-42.87279
3,LOCATION,-5.54612,-35.81701
4,LOCATION,-19.80334,-45.68113
5,LOCATION,-16.68367,-43.83329
6,LOCATION,-5.15695,-37.35373
7,LOCATION,-22.34929,-44.94544
8,LOCATION,-29.9842,-51.12088
9,LOCATION,-22.1461,-51.47411
10,LOCATION,-26.08857,-49.79286
11,LOCATION,-23.45641,-46.94226
12,LOCATION,-3.67468,-39.10287
13,LOCATION,-7.85393,-35.78008
14,LOCATION,-29.76549,-56.52698
15,LOCATION,-2.92674,-59.99778
16,LOCATION,-31.52249,-64.461
17,LOCATION,-41.48657,-73.02337
18,LOCATION,-38.81476,-73.39724
19,LOCATION,-35.55593,-71.3569
20,LOCATION,-29.99974,-71.2582
21,LOCATION,-27.02,-70.78797
22,LOCATION,-33.39272,-70.88325
23,LOCATION,-52.93974,-70.85045
24,LOCATION,12.097686,-68.908109
25,LOCATION,6.449526175486871,3.5877338921874777
26,LOCATION,7.3875,4.2124
27,LOCATION,34.78930555555555,-95.8765
28,LOCATION,35.1595,-88.06130555555555
29,LOCATION,39.96911111111111,-76.72302777777777
30,LOCATION,39.28885,-108.20501
31,LOCATION,31.682166666666667,-82.26897222222222
32,LOCATION,32.00447222222222,-97.06325
33,LOCATION,32.53225,-94.43030555555556
34,LOCATION,46.12686111111111,-119.684
35,LOCATION,47.69627777777777,-122.03530555555555
36,LOCATION,45.625527777777776,-120.17477777777778
37,LOCATION,34.098444444444446,-86.57852777777778
38,LOCATION,41.635527777777774,-84.974
39,LOCATION,36.69751,-103.79202
40,LOCATION,43.89608333333333,-69.92344444444446
41,LOCATION,42.78811111111111,-76.86330555555556
42,LOCATION,44.94102777777778,-92.51602777777778
43,LOCATION,40.92644444444444,-87.2953611111111
44,LOCATION,38.229,-97.92197222222222
45,LOCATION,27.876005555555555,-81.03048611111112
46,LOCATION,35.162055555555554,-118.8783611111111
47,LOCATION,39.6308745,-75.9096542
48,LOCATION,34.444694444444444,-82.67083333333333
49,LOCATION,40.80619444444444,-77.99594444444445
50,LOCATION,41.361222222222224,-89.74330555555555
51,LOCATION,40.17647222222222,-88.87366666666667
52,LOCATION,43.2477104876074,-124.3839880957153
53,LOCATION,29.784055555555558,-98.05077777777778
54,LOCATION,41.644,-121.32997222222222
55,LOCATION,33.73775,-84.974
56,LOCATION,40.10494444444445,-101.51025
57,LOCATION,33.4485415,-97.7767442
58,LOCATION,33.6851385,-112.0973229
59,LOCATION,27.7931087,-97.4519272
60,LOCATION,44.9452748,-122.8885664
61,LOCATION,39.2919558,-104.5052118
62,LOCATION,40.54335,-74.49797
63,LOCATION,32.70139,-116.36509
64,LOCATION,39.77536,-121.91987
65,LOCATION,33.2204867,-115.4668146
66,LOCATION,35.2988613,-114.8746214
67,LOCATION,33.9201458,-118.3322165
68,LOCATION,46.915527777777775,-122.81352777777778
69,LOCATION,32.96541666666667,-96.71255555555555
70,LOCATION,26.19086111111111,-80.19308333333333
71,LOCATION,33.954972222222224,-84.19797222222222
72,LOCATION,61.18586111111111,-149.87688888888889
73,LOCATION,45.630611111111115,-121.20366666666666
74,LOCATION,33.060294444444445,-80.03823055555556
75,LOCATION,40.061,-82.76077777777778
76,LOCATION,13.502805555555556,144.80519444444445
77,LOCATION,21.109333333333336,-157.06394444444445
78,LOCATION,39.056999999999995,-122.06
79,LOCATION,34.268499999999996,-97.21316666666667
80,LOCATION,30.567,-87.646
81,LOCATION,35.19725,-85.66600000000001
82,LOCATION,34.985305555555556,-81.73308333333334
83,LOCATION,47.48238888888889,-121.76233333333333
84,LOCATION,41.54130555555555,-93.82580555555555
85,LOCATION,41.12708333333333,-104.90241666666667
86,LOCATION,47.23780555555555,-119.8891388888889
87,LOCATION,29.411555555555555,-98.80727777777777
88,LOCATION,19.25892,-99.58115
89,LOCATION,14.7862,-92.36717
90,LOCATION,21.00722,-89.64396
91,LOCATION,21.73139,-102.27531
92,LOCATION,22.91283,-109.92577
93,LOCATION,23.22612,-100.97915
94,LOCATION,20.76082,-100.33556
95,LOCATION,25.77016,-100.30188
96,LOCATION,16.60965,-94.96423
97,LOCATION,18.04083,-92.93282
98,LOCATION,43.166555555555554,-78.7551111111111
99,LOCATION,70.31766666666667,-148.94119444444445
100,LOCATION,18.061977777777777,-66.54783611111111
101,LOCATION,33.9175,-118.32811111111111
102,LOCATION,31.404916666666665,-97.43813888888889
103,LOCATION,25.990694444444447,-97.18275
104,LOCATION,64.80516666666666,-147.50022222222222
105,LOCATION,48.774,-122.44858333333333
106,LOCATION,41.43355555555555,-80.33322222222222
107,LOCATION,44.40633333333333,-90.81427777777778
108,LOCATION,48.20330555555556,-111.94527777777778
109,LOCATION,45.924055555555555,-112.51319444444445
110,LOCATION,32.8155,-113.79805555555555
111,LOCATION,48.34525,-116.43933333333334
112,LOCATION,41.545027777777776,-73.35402777777777
113,LOCATION,41.0925,-110.84261111111111
114,LOCATION,19.48096,-70.72656
115,LOCATION,39.013888888888886,-95.1493888888889
116,LOCATION,46.91491666666666,-67.91952777777779
117,LOCATION,46.03897222222222,-122.80822222222221
118,LOCATION,44.78997222222222,-73.48
119,LOCATION,37.78363888888889,-114.69269444444444
120,LOCATION,38.63516666666666,-91.11602777777777
121,LOCATION,40.333666666666666,-95.81527777777778
122,LOCATION,45.90861111111111,-86.48358333333333
123,LOCATION,46.40838888888889,-103.11458333333333
124,LOCATION,47.151694444444445,-97.4088888888889
125,LOCATION,30.194,-102.89
126,LOCATION,46.97891666666667,-96.25802777777778
127,LOCATION,40.07622222222223,-112.35472222222222
128,LOCATION,27.019666666666666,-81.76202777777777
129,LOCATION,35.80797222222222,-102.03186111111111
130,LOCATION,35.895778,-79.226722
131,LOCATION,38.875,-121.70705555555556
132,LOCATION,36.47063888888889,-78.1733888888889
133,LOCATION,29.859861111111112,-94.31233333333333
134,LOCATION,47.59316666666667,-93.69252777777778
135,LOCATION,45.07325,-83.90041666666667
136,LOCATION,41.85488888888889,-87.85888888888888
137,LOCATION,44.41202777777777,-71.73183333333334
138,LOCATION,44.53097222222222,-68.224
139,LOCATION,48.66036111111111,-99.81052777777778
140,LOCATION,55.3737,-131.7189888888889
141,LOCATION,64.5035,-165.42830555555554
142,LOCATION,39.292528,-104.50475
143,LOCATION,39.396972222222225,-77.4366388888889
144,LOCATION,33.53216666666667,-117.17963888888889
145,LOCATION,36.69419444444444,-78.37572222222222
146,LOCATION,33.85225,-98.60411111111111
147,LOCATION,18.45398,-69.66174
148,LOCATION,48.7253692,-86.3745279
149,LOCATION,48.3136647,-70.9088518
150,LOCATION,44.4645332,-63.6131209
151,LOCATION,18.431055555555556,-66.19208611111111
152,LOCATION,34.60238888888889,-117.45455555555556
153,LOCATION,47.560921,-52.7754993
154,LOCATION,48.14861111111111,-119.70113888888889
155,LOCATION,40.6196667,-111.9860556
156,LOCATION,53.8602778,-166.5048611
157,LOCATION,30.061583,-83.580528
158,LOCATION,42.444611,-90.6785
159,LOCATION,51.64498,-8.58805
160,LOCATION,51.9532,-8.17416
161,LOCATION,54.13909,-4.49728
162,LOCATION,50.04964,-5.18143
163,LOCATION,51.61549,-0.57577
164,LOCATION,52.019224,1.14354
165,LOCATION,51.419024,0.573512
166,LOCATION,52.404967,-0.219117
167,LOCATION,51.060168,-1.263883
168,LOCATION,50.823297,-1.337705
169,LOCATION,44.78096,-0.53738
170,LOCATION,38.86851,-9.28217
171,LOCATION,37.255557,-7.236135
172,LOCATION,40.16758,-3.2869
173,LOCATION,38.60842,-0.6007
174,LOCATION,37.794324,12.493115
175,LOCATION,41.50823,15.58648
176,LOCATION,45.318522,9.187329
177,LOCATION,50.3298,8.47082
178,LOCATION,52.060989,9.328231
179,LOCATION,51.86417,20.92105
180,LOCATION,54.87947,23.84173
181,LOCATION,40.78875,29.50939
182,LOCATION,40.265294,-7.478251
183,LOCATION,69.661961,18.941619
184,LOCATION,39.63828,140.06466
185,LOCATION,36.38673,140.61372
186,LOCATION,43.173215,141.258373
187,LOCATION,34.2171,131.55566
188,LOCATION,-18.12915,178.46767
189,LOCATION,-46.530531,168.383076
190,LOCATION,-45.061066,169.192756
191,LOCATION,-44.007406,171.571735
192,LOCATION,-36.9897,175.05544
193,LOCATION,-36.23673,174.51211
194,LOCATION,-35.7935,174.30075
195,LOCATION,-31.99829,141.4411
196,LOCATION,-19.51872,146.87371
197,LOCATION,-23.66665,147.5025
198,LOCATION,-31.2507,136.80107
199,LOCATION,-34.46214,148.70558
200,LOCATION,-33.30829,117.34339
201,LOCATION,-29.0579,150.04031
202,LOCATION,-31.49485,118.27765
203,LOCATION,-30.84826,115.61927
204,LOCATION,-35.57172,139.8174
205,LOCATION,-36.02526,144.50011
206,LOCATION,-36.38863,149.8914
207,LOCATION,-23.64682,147.29126
208,LOCATION,-30.43981,149.68385
209,LOCATION,-31.02985,120.81962
210,LOCATION,-34.58374,150.15013
211,LOCATION,-32.59316,152.10422
212,LOCATION,-26.9079883,150.8916042
213,LOCATION,-19.999722,146.42166
214,LOCATION,15.17087,120.505747
215,LOCATION,-3.977445,122.511309
216,LOCATION,-2.21866,113.925406
217,LOCATION,-46.52887,168.381121
218,LOCATION,-37.953169,144.328172
219,LOCATION,-38.51812,145.95145
220,LOCATION,-33.785441,151.131806
