0 1
0 54
1 2
1 55
2 3
2 56
3 4
3 57
4 5
4 58
5 6
5 59
6 7
6 60
7 8
7 61
8 9
8 62
9 10
9 63
10 11
10 64
11 12
11 65
12 13
12 66
13 14
13 67
14 15
14 68
15 16
15 69
16 17
16 70
17 18
17 71
18 19
18 72
19 20
19 73
20 21
20 74
21 22
21 75
22 23
22 76
23 24
23 77
24 25
24 78
25 26
25 79
26 27
26 80
27 28
27 81
28 29
28 82
29 30
29 83
30 31
30 84
31 32
31 85
32 33
32 86
33 34
33 87
34 35
34 88
35 36
35 89
36 37
36 90
37 38
37 91
38 39
38 92
39 40
39 93
40 41
40 94
41 42
41 95
42 43
42 96
43 44
43 97
44 45
44 98
45 46
45 99
46 47
46 100
47 48
47 101
48 49
48 102
49 50
49 103
50 51
50 104
51 52
51 105
52 53
52 106
0 53
53 107
54 55
54 108
55 56
55 109
56 57
56 110
57 58
57 111
58 59
58 112
59 60
59 113
60 61
60 114
61 62
61 115
62 63
62 116
63 64
63 117
64 65
64 118
65 66
65 119
66 67
66 120
67 68
67 121
68 69
68 122
69 70
69 123
70 71
70 124
71 72
71 125
72 73
72 126
73 74
73 127
74 75
74 128
75 76
75 129
76 77
76 130
77 78
77 131
78 79
78 132
79 80
79 133
80 81
80 134
81 82
81 135
82 83
82 136
83 84
83 137
84 85
84 138
85 86
85 139
86 87
86 140
87 88
87 141
88 89
88 142
89 90
89 143
90 91
90 144
91 92
91 145
92 93
92 146
93 94
93 147
94 95
94 148
95 96
95 149
96 97
96 150
97 98
97 151
98 99
98 152
99 100
99 153
100 101
100 154
101 102
101 155
102 103
102 156
103 104
103 157
104 105
104 158
105 106
105 159
106 107
106 160
54 107
107 161
108 109
108 162
109 110
109 163
110 111
110 164
111 112
111 165
112 113
112 166
113 114
113 167
114 115
114 168
115 116
115 169
116 117
116 170
117 118
117 171
118 119
118 172
119 120
119 173
120 121
120 174
121 122
121 175
122 123
122 176
123 124
123 177
124 125
124 178
125 126
125 179
126 127
126 180
127 128
127 181
128 129
128 182
129 130
129 183
130 131
130 184
131 132
131 185
132 133
132 186
133 134
133 187
134 135
134 188
135 136
135 189
136 137
136 190
137 138
137 191
138 139
138 192
139 140
139 193
140 141
140 194
141 142
141 195
142 143
142 196
143 144
143 197
144 145
144 198
145 146
145 199
146 147
146 200
147 148
147 201
148 149
148 202
149 150
149 203
150 151
150 204
151 152
151 205
152 153
152 206
153 154
153 207
154 155
154 208
155 156
155 209
156 157
156 210
157 158
157 211
158 159
158 212
159 160
159 213
160 161
160 214
108 161
161 215
162 163
162 216
163 164
163 217
164 165
164 218
165 166
165 219
166 167
166 220
167 168
167 221
168 169
168 222
169 170
169 223
170 171
170 224
171 172
171 225
172 173
172 226
173 174
173 227
174 175
174 228
175 176
175 229
176 177
176 230
177 178
177 231
178 179
178 232
179 180
179 233
180 181
180 234
181 182
181 235
182 183
182 236
183 184
183 237
184 185
184 238
185 186
185 239
186 187
186 240
187 188
187 241
188 189
188 242
189 190
189 243
190 191
190 244
191 192
191 245
192 193
192 246
193 194
193 247
194 195
194 248
195 196
195 249
196 197
196 250
197 198
197 251
198 199
198 252
199 200
199 253
200 201
200 254
201 202
201 255
202 203
202 256
203 204
203 257
204 205
204 258
205 206
205 259
206 207
206 260
207 208
207 261
208 209
208 262
209 210
209 263
210 211
210 264
211 212
211 265
212 213
212 266
213 214
213 267
214 215
214 268
162 215
215 269
216 217
216 270
217 218
217 271
218 219
218 272
219 220
219 273
220 221
220 274
221 222
221 275
222 223
222 276
223 224
223 277
224 225
224 278
225 226
225 279
226 227
226 280
227 228
227 281
228 229
228 282
229 230
229 283
230 231
230 284
231 232
231 285
232 233
232 286
233 234
233 287
234 235
234 288
235 236
235 289
236 237
236 290
237 238
237 291
238 239
238 292
239 240
239 293
240 241
240 294
241 242
241 295
242 243
242 296
243 244
243 297
244 245
244 298
245 246
245 299
246 247
246 300
247 248
247 301
248 249
248 302
249 250
249 303
250 251
250 304
251 252
251 305
252 253
252 306
253 254
253 307
254 255
254 308
255 256
255 309
256 257
256 310
257 258
257 311
258 259
258 312
259 260
259 313
260 261
260 314
261 262
261 315
262 263
262 316
263 264
263 317
264 265
264 318
265 266
265 319
266 267
266 320
267 268
267 321
268 269
268 322
216 269
269 323
270 271
270 324
271 272
271 325
272 273
272 326
273 274
273 327
274 275
274 328
275 276
275 329
276 277
276 330
277 278
277 331
278 279
278 332
279 280
279 333
280 281
280 334
281 282
281 335
282 283
282 336
283 284
283 337
284 285
284 338
285 286
285 339
286 287
286 340
287 288
287 341
288 289
288 342
289 290
289 343
290 291
290 344
291 292
291 345
292 293
292 346
293 294
293 347
294 295
294 348
295 296
295 349
296 297
296 350
297 298
297 351
298 299
298 352
299 300
299 353
300 301
300 354
301 302
301 355
302 303
302 356
303 304
303 357
304 305
304 358
305 306
305 359
306 307
306 360
307 308
307 361
308 309
308 362
309 310
309 363
310 311
310 364
311 312
311 365
312 313
312 366
313 314
313 367
314 315
314 368
315 316
315 369
316 317
316 370
317 318
317 371
318 319
318 372
319 320
319 373
320 321
320 374
321 322
321 375
322 323
322 376
270 323
323 377
324 325
324 378
325 326
325 379
326 327
326 380
327 328
327 381
328 329
328 382
329 330
329 383
330 331
330 384
331 332
331 385
332 333
332 386
333 334
333 387
334 335
334 388
335 336
335 389
336 337
336 390
337 338
337 391
338 339
338 392
339 340
339 393
340 341
340 394
341 342
341 395
342 343
342 396
343 344
343 397
344 345
344 398
345 346
345 399
346 347
346 400
347 348
347 401
348 349
348 402
349 350
349 403
350 351
350 404
351 352
351 405
352 353
352 406
353 354
353 407
354 355
354 408
355 356
355 409
356 357
356 410
357 358
357 411
358 359
358 412
359 360
359 413
360 361
360 414
361 362
361 415
362 363
362 416
363 364
363 417
364 365
364 418
365 366
365 419
366 367
366 420
367 368
367 421
368 369
368 422
369 370
369 423
370 371
370 424
371 372
371 425
372 373
372 426
373 374
373 427
374 375
374 428
375 376
375 429
376 377
376 430
324 377
377 431
378 379
378 432
379 380
379 433
380 381
380 434
381 382
381 435
382 383
382 436
383 384
383 437
384 385
384 438
385 386
385 439
386 387
386 440
387 388
387 441
388 389
388 442
389 390
389 443
390 391
390 444
391 392
391 445
392 393
392 446
393 394
393 447
394 395
394 448
395 396
395 449
396 397
396 450
397 398
397 451
398 399
398 452
399 400
399 453
400 401
400 454
401 402
401 455
402 403
402 456
403 404
403 457
404 405
404 458
405 406
405 459
406 407
406 460
407 408
407 461
408 409
408 462
409 410
409 463
410 411
410 464
411 412
411 465
412 413
412 466
413 414
413 467
414 415
414 468
415 416
415 469
416 417
416 470
417 418
417 471
418 419
418 472
419 420
419 473
420 421
420 474
421 422
421 475
422 423
422 476
423 424
423 477
424 425
424 478
425 426
425 479
426 427
426 480
427 428
427 481
428 429
428 482
429 430
429 483
430 431
430 484
378 431
431 485
432 433
432 486
433 434
433 487
434 435
434 488
435 436
435 489
436 437
436 490
437 438
437 491
438 439
438 492
439 440
439 493
440 441
440 494
441 442
441 495
442 443
442 496
443 444
443 497
444 445
444 498
445 446
445 499
446 447
446 500
447 448
447 501
448 449
448 502
449 450
449 503
450 451
450 504
451 452
451 505
452 453
452 506
453 454
453 507
454 455
454 508
455 456
455 509
456 457
456 510
457 458
457 511
458 459
458 512
459 460
459 513
460 461
460 514
461 462
461 515
462 463
462 516
463 464
463 517
464 465
464 518
465 466
465 519
466 467
466 520
467 468
467 521
468 469
468 522
469 470
469 523
470 471
470 524
471 472
471 525
472 473
472 526
473 474
473 527
474 475
474 528
475 476
475 529
476 477
476 530
477 478
477 531
478 479
478 532
479 480
479 533
480 481
480 534
481 482
481 535
482 483
482 536
483 484
483 537
484 485
484 538
432 485
485 539
486 487
486 540
487 488
487 541
488 489
488 542
489 490
489 543
490 491
490 544
491 492
491 545
492 493
492 546
493 494
493 547
494 495
494 548
495 496
495 549
496 497
496 550
497 498
497 551
498 499
498 552
499 500
499 553
500 501
500 554
501 502
501 555
502 503
502 556
503 504
503 557
504 505
504 558
505 506
505 559
506 507
506 560
507 508
507 561
508 509
508 562
509 510
509 563
510 511
510 564
511 512
511 565
512 513
512 566
513 514
513 567
514 515
514 568
515 516
515 569
516 517
516 570
517 518
517 571
518 519
518 572
519 520
519 573
520 521
520 574
521 522
521 575
522 523
522 576
523 524
523 577
524 525
524 578
525 526
525 579
526 527
526 580
527 528
527 581
528 529
528 582
529 530
529 583
530 531
530 584
531 532
531 585
532 533
532 586
533 534
533 587
534 535
534 588
535 536
535 589
536 537
536 590
537 538
537 591
538 539
538 592
486 539
539 593
540 541
540 594
541 542
541 595
542 543
542 596
543 544
543 597
544 545
544 598
545 546
545 599
546 547
546 600
547 548
547 601
548 549
548 602
549 550
549 603
550 551
550 604
551 552
551 605
552 553
552 606
553 554
553 607
554 555
554 608
555 556
555 609
556 557
556 610
557 558
557 611
558 559
558 612
559 560
559 613
560 561
560 614
561 562
561 615
562 563
562 616
563 564
563 617
564 565
564 618
565 566
565 619
566 567
566 620
567 568
567 621
568 569
568 622
569 570
569 623
570 571
570 624
571 572
571 625
572 573
572 626
573 574
573 627
574 575
574 628
575 576
575 629
576 577
576 630
577 578
577 631
578 579
578 632
579 580
579 633
580 581
580 634
581 582
581 635
582 583
582 636
583 584
583 637
584 585
584 638
585 586
585 639
586 587
586 640
587 588
587 641
588 589
588 642
589 590
589 643
590 591
590 644
591 592
591 645
592 593
592 646
540 593
593 647
594 595
0 594
595 596
1 595
596 597
2 596
597 598
3 597
598 599
4 598
599 600
5 599
600 601
6 600
601 602
7 601
602 603
8 602
603 604
9 603
604 605
10 604
605 606
11 605
606 607
12 606
607 608
13 607
608 609
14 608
609 610
15 609
610 611
16 610
611 612
17 611
612 613
18 612
613 614
19 613
614 615
20 614
615 616
21 615
616 617
22 616
617 618
23 617
618 619
24 618
619 620
25 619
620 621
26 620
621 622
27 621
622 623
28 622
623 624
29 623
624 625
30 624
625 626
31 625
626 627
32 626
627 628
33 627
628 629
34 628
629 630
35 629
630 631
36 630
631 632
37 631
632 633
38 632
633 634
39 633
634 635
40 634
635 636
41 635
636 637
42 636
637 638
43 637
638 639
44 638
639 640
45 639
640 641
46 640
641 642
47 641
642 643
48 642
643 644
49 643
644 645
50 644
645 646
51 645
646 647
52 646
594 647
53 647
